5000 10000
1127 6833
6883 5170
8141 6095
4206 9073
1920 8450
2899 999
9829 5710
415 5950
9377 729
4731 2593
9166 6729
8689 2785
7991 6260
7872 6755
3220 2749
5933 7288
2457 4346
441 9167
4591 6949
1751 998
1996 6510
2219 4649
598 1825
8905 8985
1577 6326
3055 3635
6419 7095
9706 1743
4849 761
9861 3929
1216 8069
2414 5793
4959 25
6973 9206
204 9549
2411 5075
9723 8551
6727 981
6318 6673
2998 5632
9266 4246
7692 6052
4147 2037
2797 3749
7678 8995
7063 9010
4802 5245
5269 9477
5034 6113
2013 8594
3668 1589
140 775
8108 9743
2767 6866
2497 4425
5022 5764
8168 8115
6503 9066
2814 2314
1308 9299
8308 6843
2088 8371
4199 9462
1926 3708
2301 9232
7173 290
7417 2321
8415 7312
529 5524
6300 1181
3296 3026
7492 1321
386 1463
3776 3994
9644 9552
6394 5084
9806 4304
117 8481
8541 4004
9587 2042
8683 7193
5865 6759
422 6099
1622 4279
1811 951
328 4273
5594 5107
6569 7819
1812 2331
8234 6697
1780 1455
2110 4628
9460 1585
1940 2226
4267 8000
5193 7878
989 9302
5400 1057
1688 1410
8712 3374
7646 3498
4956 9039
6857 9591
8274 7877
4573 5020
2827 6507
1134 2704
640 4936
3514 6946
4945 2579
6808 4132
3433 6489
7546 7796
9206 8833
2206 5585
5434 4269
3308 9851
5794 390
4618 6516
7888 4067
573 9190
1893 714
2001 8059
5004 2532
1462 5514
5998 9948
6437 8269
2417 9430
4614 334
5918 7974
2242 6819
3022 7703
8092 5549
8417 8815
9233 2709
8250 6304
3369 9805
7863 142
9025 1721
3587 2866
9166 6838
1459 9584
9013 1954
8639 3875
1848 3627
6797 4556
2258 4089
5990 6170
1336 6702
5762 758
7061 568
6725 4012
505 6781
8501 4587
3805 5882
2719 2087
8022 9322
7627 529
4403 7035
7013 6265
7172 2602
3043 161
6331 5781
2482 5384
6141 4018
4586 4596
8607 3201
6333 7662
8600 5463
1344 4833
3272 8756
8077 415
943 1293
4679 5703
1967 5346
4299 8043
8204 5490
1271 7341
2724 886
1255 3752
4699 8864
8416 2192
9853 3305
5120 4748
5933 8453
7208 6463
3229 9204
6848 5285
7339 4172
5869 7879
5921 5658
1147 167
7508 476
7713 2417
2521 231
5447 8968
1159 7219
6876 3862
8610 7364
5816 1995
4809 4542
97 3023
4659 8038
8561 6944
4822 8350
4007 4429
4595 7095
7570 1505
274 2102
8685 1635
6954 2794
6364 4131
7992 4464
1827 9591
7937 2953
3846 7642
7017 2746
7135 3942
7238 8027
6376 5695
123 8411
5505 6734
8239 4717
3171 9427
7413 8512
7657 1855
5985 4366
8829 4020
3611 328
3281 656
4649 1547
644 3478
3772 1665
9692 4130
9824 1009
9419 2419
9153 6298
7367 1276
7054 3743
2254 537
8743 4466
8831 6262
281 4727
1406 7659
4666 243
8142 1038
4516 9315
979 5137
9267 8287
5647 7022
9441 5442
1740 1417
9044 4945
8687 9106
5994 6097
562 7292
9905 4736
5814 5744
9755 6537
6780 7219
4609 4420
3734 1273
6409 9124
3762 1065
4438 2027
7469 5760
7176 230
5174 9208
4665 2572
8668 212
3855 7010
1745 5582
1325 3759
296 3910
7480 1079
5499 3427
1051 2088
7563 5584
3000 3811
5838 1324
3435 7438
7667 3306
8865 6963
9534 9193
5756 9881
6890 4553
134 9611
9721 4986
8895 7811
8889 6368
6146 6374
8462 739
2675 7196
1007 6024
3700 5674
3111 6844
6501 3486
448 7130
6322 5365
5245 6333
886 2077
8039 8486
3471 1019
8829 7760
479 2365
5090 4070
1160 6625
3820 9903
2279 3834
5860 1178
4373 2330
5815 8970
6099 873
6237 2615
8947 8772
7201 7833
2670 9832
7203 5239
9350 6140
4856 2383
2804 9829
6453 6298
6200 3964
4149 6624
7802 8478
7159 8
5330 2174
9399 2974
1940 7780
6552 1987
6172 886
7070 3752
5342 8841
4981 4272
3006 4692
4520 6188
2485 5810
6125 7324
3947 8685
3514 6625
6633 8100
6626 673
9998 8314
6093 6024
8010 1937
2822 2644
2747 4181
3022 6243
6866 8089
2780 4354
541 9872
2033 3651
974 3026
8062 4509
1133 1272
5724 1575
8599 4117
2430 2349
4724 8596
6884 4875
7518 2733
3266 6058
2300 6617
4705 2639
3344 9166
5389 3836
3838 3884
3261 3773
8281 1163
2434 7674
5601 5765
6234 8157
6857 4199
9147 5015
9889 1580
665 6030
2087 3759
375 3930
2920 4387
9904 1431
1618 6263
146 5292
5416 5455
6617 9759
7432 48
2164 5402
3559 3032
3583 4749
9764 6767
8347 2729
5110 6004
6114 9011
9292 7197
7935 2840
4270 2211
4825 4190
5833 5887
1341 1322
1080 1248
1295 4309
9711 4864
4247 9810
4559 9621
6387 7829
6909 4322
6677 1085
95 2019
5567 2791
5630 5738
7948 9853
4042 6252
8490 2772
4094 9874
7473 6183
491 1525
6388 5119
4928 6553
6173 6987
4815 9486
159 2560
3644 8076
6446 3188
5978 91
5828 8364
8216 7959
562 128
9251 8609
8482 9052
1586 9696
7573 2306
7424 2076
8629 312
7298 2351
1837 1153
64 8465
6540 8347
1534 60
150 2985
7700 3863
8174 2329
8808 5915
4523 8735
4138 8059
4106 9356
8013 5723
4151 1678
1990 5436
7786 9131
283 9287
7751 5974
673 6699
6758 642
9978 2206
6069 3259
5587 7677
3591 594
9328 4395
8805 4465
172 9818
1892 9262
940 8184
9971 6042
1524 9281
8567 7757
82 1807
8505 2670
9663 7106
9312 1614
4872 9641
3669 1732
2325 6810
7556 3612
4428 8004
4173 6360
5622 4600
9135 6065
8458 2913
2193 9106
3214 9982
8140 7111
6132 9647
6753 2996
4609 2147
1787 2416
4147 9480
2641 1807
5418 2823
7178 197
2908 9846
797 1351
7415 4881
7793 9931
5388 5872
2205 6337
3448 8601
4600 344
3339 5931
8077 1352
3767 4299
3778 6215
8022 4265
7087 6419
2967 9791
9636 4264
1966 5874
755 6784
6715 5732
7956 4899
1236 8454
3407 160
504 1035
6965 8006
9357 194
4493 1394
7608 9475
3739 4622
7392 1981
1772 7177
7792 358
2584 7759
4543 9758
1841 3338
8236 7609
6062 9796
9956 5823
6857 5820
3825 6811
7004 174
7919 9533
9007 7848
2470 1878
3859 9097
6273 6213
2923 1982
6092 417
6526 5506
8843 634
4594 8366
8162 3430
5605 7008
2827 4469
1279 8813
5338 3004
2536 4634
2482 3256
5134 7895
6991 1303
3867 5344
3677 9616
32 6789
2294 9768
6754 2909
1274 7488
7270 1347
4706 5787
255 9226
8038 3885
6888 7885
2519 3376
2983 9423
3669 1352
9006 8116
9811 660
6627 2872
6013 3487
3255 3010
5918 4658
8498 8
7706 3543
9330 5767
4992 8764
2648 5936
3821 9381
2756 5887
1661 2691
4042 5739
206 5330
5989 9399
8622 17
3503 2615
5624 4634
5644 6757
3116 7893
1435 4141
9907 7174
5937 764
3052 1250
630 8584
822 6872
9562 9738
1828 2482
7811 9955
5705 8385
8401 3799
2765 4326
5312 8256
1364 4740
2632 955
5095 4480
1653 419
7534 1353
8954 3941
8876 585
7456 5935
2024 9697
2178 3369
9675 3851
8588 9989
139 5379
6057 6988
5243 9256
3995 1368
8674 6607
7438 2979
9749 120
7824 5442
9382 7282
4219 6777
9063 8257
7953 1674
1395 1087
1289 6482
6470 1069
2800 9876
3216 6609
5864 8856
6575 8458
1416 6210
5540 5248
1719 5205
646 5288
8922 9542
2670 6379
987 3140
1165 1732
2818 5291
1773 2559
9980 459
334 8242
1202 9131
7986 3549
8359 3417
5979 912
6159 6126
1331 7870
3158 4229
3770 8328
1059 8431
1570 6439
4522 2045
7336 9086
7997 7340
7798 5460
3701 7976
3458 4483
8032 1255
1023 7795
8706 2742
8867 3353
1223 1216
5444 6549
1229 732
9162 9213
2003 2287
683 7083
6168 6524
215 8018
3477 4164
8491 4364
8847 3530
1136 1948
9742 3230
5971 2158
1863 4799
6014 1189
4090 3085
3816 1457
7021 5318
3956 9329
6411 9023
1899 4638
9008 8930
3094 2113
6477 2484
2365 1584
9884 5323
4904 9852
8362 5977
776 874
8414 224
3308 6789
8246 2503
4172 3475
2803 1618
641 8127
9117 5565
4494 2539
1003 8124
6959 3939
1875 7479
9153 9324
5527 8110
4086 4056
1281 3888
4111 4861
8002 9695
8549 3770
7244 2599
4216 2721
7199 6398
8314 1208
98 6315
4438 9160
3098 1101
4931 7749
3424 4972
9433 436
4491 8950
2838 3519
4731 2124
1818 6948
718 9084
1682 6718
9438 4313
711 2250
3457 2989
9303 9024
8183 9907
7359 93
7841 7633
8956 2289
9076 1264
6565 8389
8259 3567
5690 9402
2702 2989
8425 3859
576 3419
4083 106
8707 6366
9354 4793
169 8516
8422 5008
1452 4703
8687 5780
4420 5644
3259 7643
2383 3496
3414 9824
9225 641
9981 5455
5665 1926
1696 8405
4863 2592
8957 5779
6923 9921
8436 4662
6022 3443
4498 3209
5340 7473
9469 9536
3530 6112
5959 2727
2550 5912
2904 9372
1178 8127
6404 9237
3993 6842
9433 4452
6582 5207
5128 4742
9403 3504
3299 3563
3124 1776
5601 4148
3683 8463
4574 5069
4147 7213
9476 532
6255 3049
7527 2380
1616 7432
625 3930
8381 1960
7167 58
1151 1314
1170 2294
2208 6905
8681 4468
4967 5331
146 633
5701 8649
2213 1071
1603 6199
9247 1689
4068 4209
1641 6773
7055 2035
3994 8617
8674 1787
3101 1160
9805 6176
3081 4270
5089 8365
47 1761
2393 55
5055 192
1263 4445
6995 7268
8956 9217
3425 6242
9366 9375
7761 1417
34 2772
911 8106
5618 5059
1235 363
984 5422
3786 4315
2427 6072
2478 3833
376 1171
1967 7532
1151 1638
7206 8961
1554 6458
2184 631
8399 7272
43 9944
8050 8432
3491 7305
7667 3667
5440 1077
1743 8650
1073 5578
5762 4169
5339 9902
7434 6137
4127 7305
2617 4936
1394 7684
8314 4171
1442 3577
9873 6713
1496 7836
5141 7922
7940 1338
2414 9159
7809 9731
5308 508
4676 5233
5135 7421
9910 6366
22 8920
3855 388
8071 2639
3161 1600
5177 2737
5801 4602
2437 5049
9322 7296
4986 3929
3088 3613
3343 3751
4259 7248
2480 5003
2423 5286
1652 7614
2885 8684
9071 8025
663 6740
8339 7142
6230 3823
4776 9867
4915 2030
5677 3565
7493 588
4200 662
4413 580
4179 3895
8897 5023
308 6659
624 7671
6355 8311
6336 3509
6600 1777
5270 3350
3525 1290
1157 1499
3528 8300
8216 2423
3011 5557
6218 5709
2640 3562
7456 6982
2004 6819
9829 2704
375 8664
6974 6804
6664 3081
4857 9661
3011 3263
905 127
7977 2887
1186 2061
835 1505
3413 9402
1462 197
3759 9630
2964 4101
7271 7566
270 1319
9982 3451
255 6996
76 3308
2968 6918
6533 1284
7762 2330
5216 7437
5849 5739
3595 2754
8507 6683
6880 7007
2988 9968
420 6990
4555 5951
3622 4043
7493 1176
8171 9955
3262 7747
1017 4598
2234 2582
1263 3901
7689 9995
2085 6479
9232 3537
6571 5679
9037 7738
4057 3450
6791 2025
4327 4476
4870 1346
8873 7948
7903 2363
6461 7044
7993 7516
6449 7477
7729 226
6573 7712
4190 5417
8953 8657
4336 9773
3862 5524
5325 3372
1748 7918
8745 2116
9813 6075
374 3615
2329 8685
2080 4628
2144 8789
2618 73
6650 8592
2655 346
5763 3222
1879 6844
2968 1067
6590 2566
2289 6829
1098 8267
6734 4037
6463 6195
9809 6546
1582 3188
7816 8489
7277 3662
86 6311
1254 9894
240 3087
6309 3909
7104 6002
7068 4539
7104 72
6900 10
4628 5744
6132 4350
544 1361
7906 2594
5782 6704
5192 5839
9500 9949
6259 2468
2362 5937
9024 7512
7772 8953
4954 1684
6222 4876
4947 8373
4734 9677
1772 8198
2547 9361
721 7904
497 9442
6145 4978
817 2630
2578 7688
156 6668
8957 5188
9052 8869
7821 7980
6015 6823
1698 9126
3850 2236
8264 2996
7546 8584
7944 35
7938 92
5886 5017
9994 4787
3768 2030
9718 7162
3830 6346
7885 6225
1445 2786
7117 6936
111 5617
1094 3131
1718 8160
1156 4943
9878 9981
6367 8701
5144 4174
9190 657
5443 1029
9411 5535
2697 5562
8259 5480
8056 6526
5663 6144
9431 9500
1468 2779
2261 9541
7701 2561
3855 3978
310 8856
3908 3733
4258 6676
3684 5403
6432 9799
5333 5478
1040 2194
4025 8029
906 9298
5441 2080
7931 2920
5698 4872
764 9398
1958 4310
8287 8464
3671 2164
5896 8596
1624 7578
2981 6505
6303 5307
785 5764
4309 1636
6016 1824
7473 8333
6764 6922
6193 9266
4137 4694
4091 1891
2552 4900
9716 2400
4563 839
9434 3386
7316 6811
3315 7409
2716 6648
8763 9618
7605 9852
8027 3071
7755 3620
6893 5499
4764 4518
9211 3086
1328 5252
6504 9653
2052 3879
1069 6219
5956 2966
9776 503
7911 9623
6270 9443
9060 6978
6829 5032
4454 3016
2987 1207
6706 2208
3077 9880
9317 7821
3073 8639
8291 6996
874 5928
8498 342
9660 1943
8797 4453
4076 9435
8877 3059
37 6697
8081 4288
7303 3217
4424 2534
1094 290
6521 7481
5301 522
9161 5837
2832 4725
652 7451
4145 57
8351 9149
9954 3804
9590 7147
6558 381
7077 8467
9106 2946
2514 5157
4043 6409
3050 6937
769 1488
8361 9570
1758 2422
7146 7521
1324 941
7349 4150
3298 5468
5623 5700
9198 9603
9983 5212
30 5755
5052 7060
8568 9136
1896 7566
854 8962
6801 4945
866 1623
4044 5162
9034 8975
6267 7541
1690 357
2176 3615
9314 1340
942 7798
9362 4864
6970 925
4336 5743
4878 2022
9587 9255
4569 6773
8069 6792
4766 1369
2882 5286
612 8809
2702 8268
8624 6878
493 4391
5730 7152
1301 6158
1021 3024
3948 662
6405 7991
6364 4635
241 7634
759 5950
9093 4809
2530 5179
465 3859
9019 5411
30 1076
4306 1720
6111 8654
5805 4798
955 8192
1215 7105
4119 8328
2670 1514
6148 6875
4508 9033
1334 6389
7549 1618
6797 426
4284 78
1841 3613
4688 9655
1374 1870
523 5345
142 3836
2028 2679
6136 7449
2128 9594
1108 6606
3480 4797
3829 3607
6347 4339
5957 1514
1939 3896
3973 9105
2717 2575
2229 2165
4035 3756
9101 9954
3790 909
9940 5594
3042 2169
1762 6075
2680 5169
6317 9221
9180 2511
3201 145
8010 5526
5773 5509
4613 9949
8875 9746
8262 3681
3789 1103
1056 2296
3205 2889
4834 1197
3365 9496
5570 7876
9396 1479
699 4601
3463 5713
2209 9878
1756 6663
2172 219
6519 7528
3625 3136
6817 5393
2847 1887
4182 605
9845 254
7803 3738
3233 4678
8905 1167
2645 5154
6106 8301
365 9696
5925 9568
2583 8925
5495 7680
1560 4754
4241 8365
3757 5184
7070 1057
8013 2955
9561 7604
7693 7857
2535 7363
8529 926
2431 1439
6091 7526
3573 4889
4456 2807
8084 5849
9881 3390
4495 3578
1943 1440
2975 8736
9792 2051
1358 6397
4000 7805
2013 918
8280 1692
8969 899
8690 3160
7037 7752
2640 4780
3939 6961
2810 3447
6837 2022
1951 2690
481 1331
66 245
2296 3455
9851 6210
366 5
922 202
1894 2378
3277 5553
5064 7214
1317 1966
3097 8453
5413 3956
7403 7035
5408 4574
3615 591
1921 7359
7603 4095
7550 8339
4548 6250
6254 3752
3954 4913
3642 3527
5431 2199
5764 6918
5235 6847
5299 7081
1036 8332
1718 7063
7989 4790
5380 7126
836 1603
5698 3653
1991 8438
1040 9599
3350 2890
7802 3645
3524 7303
5853 7795
4713 8954
2152 1617
8697 9947
4630 7450
865 9732
874 6348
3473 8853
455 6253
6257 4308
9097 2504
2102 8247
7488 6488
133 5452
9106 1641
9436 3656
8961 4959
6575 4148
446 1113
4914 1623
1354 1428
7775 2130
982 8579
4832 7599
8258 7789
292 7440
5687 3706
194 2394
4197 9526
1167 6678
6685 9654
964 602
1101 5645
3109 7538
9160 7898
9325 4375
6504 6866
5444 7099
1049 3838
1626 6627
4067 9306
3012 8269
7014 6105
5630 9557
2586 1210
7216 6796
3749 9270
1266 8179
2069 4849
2747 727
5101 7580
797 8423
5522 1604
5441 6241
9219 2922
2228 3418
1687 9637
5741 1591
7499 8700
6262 7723
870 84
9353 3477
1655 4619
5819 6970
7696 3723
7655 8565
6988 2796
4400 8451
1043 8861
8134 6192
9610 262
9898 6713
4655 1296
9995 1991
6065 2153
8588 6256
6084 6934
1552 7940
1262 7739
7813 7371
2287 8957
1753 5467
3918 5626
838 2504
5047 4960
1573 5324
2036 4656
2303 7823
9813 6691
8843 8650
1257 2229
9162 7431
1722 7341
1431 7066
788 2983
8292 9243
1062 9426
1404 6396
5251 1331
2642 8593
3916 297
1305 567
8389 5952
2642 9959
8608 4553
6781 7836
1618 6217
3557 2294
9359 3340
2674 4987
581 6498
5924 7317
3712 7994
5676 7327
5919 8962
9259 8318
8884 9835
2138 6915
6873 3624
8176 4779
2614 1833
8049 4956
3601 4232
3923 7957
9295 2960
9457 2948
265 6227
4221 1732
5410 3976
9290 9896
4565 1329
7515 4900
1814 9800
3423 9652
782 5038
6870 7950
9257 3395
3978 4918
9226 2858
5817 4252
3552 8520
4747 1625
3357 3816
4143 8967
5214 5118
6446 3432
8331 6131
5930 312
6315 6496
1534 5705
3654 7096
6843 4755
6025 2911
5768 7172
1424 5250
3770 7936
5912 4975
5142 8516
3834 5620
738 9284
9068 5399
1529 3535
3847 3750
246 3811
9515 161
7257 8131
2885 9520
2430 4099
1270 8909
4159 4549
8836 9045
371 7928
2795 4748
367 5512
1148 6628
8378 1104
4639 215
3964 9907
69 8485
4997 561
5043 5935
5454 8605
2703 7928
3188 4236
5136 325
5721 7346
1625 3972
8719 6092
7955 771
3750 9085
6541 9102
9316 2128
8386 1179
6015 9632
6544 8454
740 7363
5968 1587
5866 6193
6780 5022
5346 9053
2751 1916
2239 7419
9862 727
7850 957
6393 7816
6918 1599
78 2933
463 2585
8568 8463
3268 2829
192 5112
3050 4007
6552 6159
1180 5267
671 9683
1598 2878
6648 9773
6852 3836
1144 6509
4324 4701
2651 3889
3173 7593
178 2729
7543 3636
2816 8745
208 7163
1169 3007
5517 9609
4875 4072
3755 3049
5926 5546
1670 1704
1892 8925
5433 8521
3221 3035
6923 9756
7349 5872
4952 96
83 3878
8974 2494
9656 9250
2257 9182
8790 7177
1248 4125
7173 17
1914 1354
3058 9450
8374 3583
2104 1301
4335 3806
9914 1676
3899 7610
4057 3614
3843 8850
1344 491
9740 2816
1997 7351
4527 8348
2473 7139
7155 2127
9832 5997
5447 5420
9002 9241
541 172
330 7457
5485 1228
5189 243
208 9383
4585 9245
6087 402
3217 2280
9630 2178
526 1566
8704 509
8987 9350
5346 2210
3981 8818
4411 792
964 9334
6791 4951
2530 1293
7887 8627
4361 7718
3314 4446
4847 8945
1224 9400
1578 4415
5980 7206
7714 8455
7804 1035
9596 3052
8221 3149
293 3576
2910 2631
3934 7608
5252 6052
4678 6463
533 9490
3935 5390
4335 3846
9598 5133
5899 1910
9115 7527
5981 1879
9265 3180
6231 136
3284 8861
2436 4452
3434 9928
3887 1697
7748 3719
182 9138
8627 8777
4167 7066
911 8913
397 8501
410 508
4386 6296
4526 5877
9056 366
501 3790
2650 1639
6090 137
6416 1438
3134 5875
9594 303
5792 882
9658 6127
3192 4419
9683 176
8676 454
7314 6432
2727 5438
1314 1699
8417 7252
7393 6721
8359 8917
5405 6395
7832 800
6675 8173
8475 965
8198 2620
8746 618
5036 4208
4383 1937
8742 1071
7502 9411
4848 6055
7754 6580
183 2513
9233 6170
1438 7575
3969 3944
4743 3195
1367 1800
9117 7769
388 6193
6810 7314
1521 5485
7421 8198
5620 5904
5314 6163
8569 3121
9700 6513
5377 6322
2491 9882
3808 961
4904 281
3475 4129
5928 5999
3767 4841
7385 1396
8710 4155
9639 546
8743 230
2485 3412
5926 4362
3834 4150
662 846
7168 9885
6118 6038
3351 6010
6290 9926
4054 8254
4252 9764
956 6333
7729 8019
8525 4692
5238 2790
9371 4515
4278 332
4694 1856
2357 6555
7401 4879
4764 9371
1760 920
6929 7233
7158 5110
3364 3219
9334 7563
248 3967
1985 290
4981 4328
7117 6861
7728 218
550 6487
4694 8357
1264 1595
2825 7051
6421 8664
9583 3940
1173 8180
3290 2863
6081 4682
8597 3005
6971 5415
2056 8844
3171 5308
8520 3388
9958 6639
3125 6247
4604 6859
4805 4171
1221 5867
882 7629
1569 3993
8524 6816
9678 9093
3774 8165
1169 2111
3877 8722
7565 4492
9799 5932
5671 7087
77 8318
4565 5628
2486 9554
3724 5520
7738 7290
1271 1296
5288 4971
8138 9191
8283 163
8328 7815
6277 8408
7130 9496
339 153
2436 1046
4485 137
8455 8107
3734 4561
4114 9371
1242 2572
9861 7837
5484 5331
301 1131
6673 7123
7286 8438
2604 4955
3363 5613
1460 5233
5385 6844
7889 1799
1935 4173
2279 8725
3286 6741
2463 2364
1287 3751
7940 56
5386 1148
8630 3423
546 2038
6827 5303
6609 7831
9795 5783
1015 6323
3166 7606
9404 6399
6923 7407
2483 7691
783 5553
7917 5768
5871 3246
9653 9203
6702 3810
3584 5039
7076 1684
3338 4129
8311 3903
6037 9946
2621 8105
5711 7051
3449 2138
9544 1466
5508 6724
2276 8379
4146 6291
5888 192
5747 6368
177 5540
6930 8800
483 3761
4241 4006
4260 172
6470 2552
7008 296
3698 9090
1227 9070
6888 3498
221 7123
5501 2395
5037 2497
9040 5998
2366 7276
2816 1138
9938 2542
2654 6097
102 6772
6944 6895
5798 713
7360 3413
8854 9157
8227 1057
4555 80
7202 1466
3860 1127
3623 2702
8700 5249
2524 2663
3800 1065
9958 1691
7788 89
3213 8964
2210 4241
1306 6508
9920 8007
7163 8665
6074 8773
5204 1741
3206 6980
8106 2406
1459 3418
8666 8081
743 158
7574 1189
9232 894
7335 3884
2847 7019
1259 547
7054 5056
9414 2564
7581 3325
8449 6576
4669 6
3337 3652
2409 7874
7643 1442
9522 3868
377 6308
3849 6616
3862 7951
8186 3080
6450 7548
4446 7384
8791 7708
6624 1499
1175 8204
1131 556
561 5975
5978 5799
25 249
1690 8387
2254 7667
327 7564
531 2630
6932 527
3606 744
8291 5117
8852 55
4114 9088
6938 7642
2197 7089
7644 8112
438 3328
5478 4556
4804 6416
4802 1854
5873 2846
6761 7055
6036 2551
3077 3643
4387 9320
788 3034
3088 9029
8117 9640
7281 3553
642 1406
9518 5830
9157 4637
5545 9955
2722 986
2840 348
9545 7523
929 5064
7614 6305
9948 3317
2636 690
3723 686
6066 3423
3062 3162
3066 534
1940 6695
2524 59
4696 7809
4115 8032
9017 6592
6939 6837
4359 8208
9623 2836
5492 1640
4956 7236
4277 5439
2476 7591
1013 4351
3864 4894
5427 427
7121 6930
6988 3718
1526 5996
4027 8035
4626 5641
8829 9395
3955 7917
752 3187
1178 3577
813 6243
8034 6133
3723 1441
5792 6861
1754 1088
1514 9655
6584 3533
7250 4986
981 9924
4310 5128
768 1359
7105 5288
3204 9596
9134 1059
4636 307
2901 6664
2796 1800
3240 7286
4147 2871
310 5383
5038 2252
2136 8175
3160 7973
4248 9386
4513 492
8202 8558
197 1632
7579 5306
6365 3400
58 3064
9727 7352
9151 2958
244 2523
1745 8742
4125 742
9345 2054
228 5514
3486 1481
7218 9739
6582 4086
8995 1730
9713 4783
6440 9191
8942 3643
6706 2804
6507 8999
1956 6433
5307 5657
751 8551
5644 3403
5456 4875
6740 4989
6469 2035
8125 6577
662 3686
1767 4706
5840 9656
8846 7831
1473 2279
1435 7787
3137 8178
962 7941
9950 1445
9995 6268
9670 700
1926 1991
6979 1477
9863 8665
5241 9799
9836 7987
9044 5903
1910 1602
9432 4883
3514 7108
1246 7256
5433 4948
2888 4383
5827 6395
9014 2837
9888 2173
4163 8684
6512 1813
6829 7493
3643 6375
713 2070
4324 3478
1431 6109
7343 2585
9692 7214
4469 856
5803 7290
8024 9902
2648 8691
7879 3850
2374 1661
6696 7767
5931 2889
6733 9560
2286 2760
1181 376
3853 2998
5458 1856
4440 5284
2497 2801
3656 484
4125 6966
3219 9459
4501 2148
2349 2218
3878 2379
6497 4722
3962 6926
6485 2428
1539 695
1070 8770
8119 9071
926 1274
2909 3577
2729 1717
8552 1758
8723 6384
5842 2676
4823 8293
510 342
9073 7171
1893 739
4016 5569
4348 2206
2900 500
5621 2238
1308 321
7947 92
20 8585
302 855
2612 2748
9131 8853
1529 7686
2330 1325
8018 6351
9874 9191
6282 3442
5363 1766
323 297
7149 9710
8300 9575
6247 2769
2860 9607
8192 4193
1400 9231
1978 4845
3697 363
4401 7461
8785 1577
4280 6730
5921 3154
6596 4153
2270 2202
8850 1958
8019 2592
2166 5998
8767 6318
2277 8413
8957 7978
7209 6820
1664 356
7071 5538
2998 1712
3289 1471
8200 8134
7640 3920
8072 472
9025 587
8896 341
9284 7875
3872 6914
9584 1450
6214 8990
6968 1860
8679 5170
1878 528
2417 6694
8405 8948
418 5415
9900 8045
1964 4969
5441 7539
4477 35
6727 4465
8691 3372
286 6011
3812 2563
1552 9869
8080 25
1546 4871
1750 6758
3451 9775
5074 4167
5933 8207
6252 5491
6812 2184
9723 8215
4602 2252
3068 4199
7571 1328
3690 1759
673 4208
428 7501
3877 8576
9799 8507
1616 1775
1549 1548
2066 1418
9624 6623
8465 4350
6534 2227
6794 5276
3879 2608
3158 1395
9074 6947
5057 7080
1287 2764
6616 2081
656 8066
2924 493
2267 454
8354 4539
2308 167
3141 6771
1121 8284
510 1606
3233 7654
6613 3655
5049 7112
410 9770
6850 475
9590 1818
3898 4488
2554 6205
3049 905
7711 1829
6368 1667
1834 6064
9186 5027
3310 1326
2931 306
4311 172
3826 2516
9627 923
7045 5227
2053 6388
8205 3894
4733 1642
7846 2102
3006 3638
5467 7247
8913 716
3131 8186
3212 7098
8424 2317
8974 2874
9397 7706
221 3285
559 3222
4800 6199
2586 7603
7848 6852
8493 790
9243 8933
2570 2691
9937 2249
9316 8036
2573 5201
2299 8799
1115 5785
5010 722
4779 88
9724 4406
3979 5000
1198 6635
4237 8779
1982 3784
925 8437
7369 6827
9517 168
8768 6290
678 5805
1005 8083
6881 3250
5386 9655
6728 4347
787 395
4800 1507
6506 6862
3496 8779
3909 4055
4190 4085
8873 5890
9068 5115
5282 6241
2530 8584
740 401
8483 3207
2809 8097
7751 1716
2414 8194
8589 831
2337 9552
6414 9740
4870 8842
2896 6261
345 5130
7372 7086
8552 9217
1809 6439
1375 3833
585 691
3897 2114
6562 5419
7134 6705
1251 665
1495 5900
5451 6191
2282 3831
9024 8216
4477 3504
8633 8271
5356 4821
390 6004
2443 3907
4091 2198
2888 169
8634 1027
6446 3137
6193 5196
2212 9931
5830 7443
9985 3706
3888 7633
5848 2267
5770 2911
7533 324
1497 4402
6758 2889
3147 1886
435 5552
5720 3590
4616 3323
2811 4353
5900 7413
7344 9003
2798 8111
8168 3173
7157 2782
1400 8407
7669 3005
9680 7169
7923 5202
4442 1176
3061 1032
6583 3940
3881 9848
9522 8654
3006 4849
2261 2332
7686 5258
9720 9604
9129 6835
5969 4240
2646 6285
9289 7368
4537 6667
8220 8969
144 8811
9842 2661
2952 9557
9404 6424
1429 6833
1681 8925
7608 786
6043 3941
3545 5293
2128 2115
6354 2673
5309 8096
1815 5351
8369 950
9918 2703
1513 6588
5600 6413
2321 7706
481 8552
5384 8076
3352 1909
2695 7064
7356 959
2604 5089
7203 7252
6276 1083
5530 3556
5259 1585
2534 7344
47 3627
215 8803
1567 7911
5617 5814
4365 3888
8315 6097
4358 6100
9515 1667
8977 7052
2140 6871
4122 1580
9014 9343
9250 6750
8334 4543
1887 4508
8135 7219
6021 8285
2547 4701
514 3939
7826 8163
612 1231
7330 2493
4159 1321
8372 6845
67 9487
1067 6863
2557 540
7289 80
975 8159
2666 5622
9192 2861
7497 7152
8204 1564
5503 43
4558 5070
6300 9680
2172 1521
2841 9981
3177 2682
2169 7564
4426 3243
3783 9587
6018 3335
1493 1071
3045 6992
6204 510
4014 2236
3800 3700
95 2217
7286 5654
5333 1004
2524 9937
9918 7505
6538 5364
2927 3094
2689 8706
4644 3704
7038 6471
7541 662
4005 8530
9040 6937
5525 209
260 3053
5269 5676
1329 6706
7709 8907
8843 6661
517 232
5595 5112
4558 3407
8464 4873
8577 7246
3716 3108
121 5614
4144 7608
4545 4125
685 9535
2587 69
5744 7297
4002 4207
9465 3424
6436 1711
8294 8308
9771 3305
6711 241
5113 4328
1573 5174
4633 3689
5655 5288
9248 4753
5230 6150
5684 3792
212 5914
3210 4622
5180 2307
5730 3564
5274 4645
9304 8517
1821 3567
3807 9074
3402 8531
3705 5272
5312 4974
6614 4689
9442 966
3467 5861
6004 1023
6936 5502
6475 2567
4873 6498
6413 1655
2651 6954
5470 8038
7956 1954
7379 7291
2173 8115
3386 780
2106 2229
6918 8697
6015 8719
931 6359
7381 5833
1335 3286
5852 668
3517 4161
5815 724
4029 9929
7966 4817
6770 5850
9492 5922
4036 501
1280 1665
3893 3773
8821 9737
4807 7162
3520 1187
7020 5737
9022 7252
4272 4706
8866 1225
1948 4140
4069 1033
5849 2328
8178 8386
659 8971
9471 4021
5685 1046
1170 7102
6839 5930
3091 9991
1177 1645
3734 2963
6566 4548
5605 9107
332 7189
1329 823
1855 8631
959 1749
6486 4055
9377 5488
9508 7145
4542 5199
2301 1545
3826 5712
2054 5491
7135 6916
6230 9582
482 7220
6327 9148
6336 6086
6908 6658
5288 4016
5764 5114
5521 2598
4437 2250
5746 4897
96 297
1841 6639
8702 8748
4238 2018
8933 755
337 7724
4944 1515
662 818
3255 7622
4279 3349
7365 163
1628 5918
4868 3128
1729 7148
2045 9304
9600 3826
465 8492
3591 7792
9809 5518
6273 7828
1903 5094
2960 2961
130 6846
819 3621
3321 3384
9898 5097
7367 685
165 1526
5025 8586
7889 8245
2071 3421
1912 3841
1632 8887
4404 5502
9681 7793
2886 7028
9988 1584
4781 5845
5817 6469
9853 5600
7048 5489
6174 6102
3979 766
9351 2690
934 9004
2424 7240
7432 9356
4594 4336
6189 5415
3207 5350
2377 5870
3805 2444
4640 8717
5185 4937
536 456
5945 1389
7491 3936
4701 8470
7511 1469
6824 4052
7643 8444
4152 9248
9935 1426
6840 8745
4094 6123
8344 47
2490 2823
1539 8500
3437 7130
3937 3075
4464 324
4259 6233
1054 8306
6126 5312
9363 8564
3360 2950
2197 3357
1134 3863
2607 2131
4605 7973
4371 3053
2227 9301
7800 6861
342 3765
3191 7588
7912 630
6863 7654
2311 2170
7481 4268
2832 8437
1386 3195
2903 2543
6405 9934
8416 4036
8361 5363
8415 3020
8672 2731
5943 6993
7109 2824
411 6284
6914 300
4305 4674
6844 128
747 6616
5052 676
223 3578
6120 2789
2722 3125
3513 8876
4239 1137
508 1873
955 9005
5998 5532
8355 6898
3181 3106
3405 5117
9791 6446
2925 7710
677 6634
3661 3672
3601 2080
4868 3883
3360 6073
4948 3941
1429 3224
1448 9186
8191 8288
3819 2402
9299 4188
3645 2173
7290 8832
5277 3402
7463 3432
6417 4554
4577 8139
218 77
312 8177
4249 1437
1729 23
9598 9197
8382 3157
7796 1045
9798 2924
3463 1615
139 9097
7928 7108
6861 3780
7211 9556
461 4323
2461 3627
3704 5037
3214 9030
6818 367
389 3814
3010 8546
8054 9986
7382 7744
7019 5849
3815 7179
2627 482
3941 3954
7733 6906
6462 7153
1475 4944
4922 3274
8311 287
5668 4977
5343 7876
1689 2485
7382 2083
8420 1051
5146 1787
3987 2153
9332 8516
5349 7802
1755 1958
8864 9289
2793 5839
7134 1677
4950 4267
905 2056
7032 9612
3839 6572
5408 2375
809 5528
2930 9141
7279 9229
1381 4427
2942 1266
9067 7064
5374 8291
3931 7173
9363 589
2265 6724
7342 6497
8552 3566
9530 8247
1170 5583
4309 3368
5247 2930
8422 1470
7050 4528
8954 5701
6966 4782
1846 1896
6538 2384
5908 3571
4159 468
3543 5270
1766 2775
2692 885
5483 6669
8604 2221
5589 3004
5933 2912
4381 7187
1715 707
6407 7782
2564 668
8915 9724
2107 761
4331 5452
2272 4366
9635 8489
1263 5814
3050 1401
4421 3954
2527 8532
1536 3024
5936 4467
1653 3820
878 6668
802 3367
387 7284
3359 3365
4125 9301
1105 1817
6182 8455
3295 3376
9189 5817
3569 4557
4862 2239
7122 7989
1013 3740
8206 5009
5181 3300
6319 9859
3225 6058
9694 7120
484 9963
9264 3052
4869 4608
9414 368
95 1050
3218 2708
3616 5635
4225 6786
1127 4830
8569 1347
2707 2139
1790 6775
2985 7887
297 8108
5228 2561
2524 9990
9393 2063
3023 8139
4858 613
1663 2436
1496 4952
586 1232
8018 5111
6292 4811
2509 9144
7634 4861
7987 5215
9454 9423
7530 971
3531 9750
6091 9109
1172 2406
544 1835
2448 4194
2981 5401
352 4110
1693 4476
5939 7290
8452 9710
5205 2230
3442 960
2526 2838
8612 1428
8750 8331
4432 6142
1602 8633
1038 522
8709 2773
3318 7934
3334 1156
1617 6299
7126 38
7327 3309
3019 3064
1646 5778
3089 4575
7413 5087
2867 1966
297 2376
4869 1616
6600 1080
1602 6471
5595 7638
5571 6662
7817 8913
1563 5256
5293 9433
2741 5040
4456 8971
4748 2111
3038 6101
1187 4188
2506 6802
9177 4053
2021 2802
3881 4046
516 8620
2609 1834
8495 6110
1374 4531
9787 2663
2095 9288
680 5079
402 1188
9650 5135
1235 1501
5689 2687
9488 2421
2826 8194
7347 5017
9062 4846
9817 7579
5765 9577
2038 2426
6956 611
3274 9764
5403 6742
8173 1720
9259 6082
1216 8574
74 5261
7947 2450
1223 2114
6659 3787
8803 400
5245 4005
7936 4216
144 5061
3838 3700
4310 2181
8296 794
3887 3935
5655 51
6132 2059
6984 1265
6525 3700
6149 3410
5523 824
962 3723
4122 2182
2538 9764
331 5718
7131 473
4172 474
9006 968
1761 4834
8768 7302
7352 5648
4058 774
8391 9835
3534 1042
4451 4915
2090 6035
9757 6325
8506 3051
9166 231
2300 1044
7868 9496
9969 9430
398 2040
3225 8975
2628 8510
509 8344
5470 6331
6165 4567
1960 3860
5126 9699
2085 2762
9086 7216
266 1841
8423 7592
4987 9432
5279 723
6504 2854
1245 5248
574 6901
1763 821
9165 3201
9531 2271
3189 986
4845 2047
8097 5148
7909 9970
3537 181
8374 6995
938 3803
9586 6796
3870 2276
5129 4864
6463 374
3626 2726
3546 7036
6588 5388
4011 9062
47 2470
4517 7199
2347 1243
7565 2613
2794 6607
3601 1101
1255 7519
4314 890
3165 840
2056 4536
4909 4646
7371 4870
8258 8534
274 7268
2682 4845
3667 4284
1482 9080
323 4535
7147 180
6787 7887
5339 6292
3810 6739
7629 6594
7433 4476
9011 7145
1790 5840
710 271
5156 5512
9132 8967
163 5429
6064 1813
892 3829
4715 3898
4077 7566
1804 8214
4505 7215
306 7143
3736 4667
5494 7934
1430 7520
3360 856
1126 9572
1435 421
9387 6281
8062 566
8730 5901
6082 477
4374 5974
3539 796
9009 8451
2017 5343
2485 9866
884 2322
6607 6220
3739 6377
3584 8037
3960 3450
3870 4709
7341 5394
5960 9608
5509 1754
2231 1041
7014 7942
5089 6604
1406 553
2247 4098
315 9775
2096 1083
3654 7550
278 5055
3091 3744
7194 3861
4921 3402
8795 7415
7023 8613
367 1106
2147 8883
6824 2597
5552 9160
6064 1912
2361 3310
3084 4662
5744 9027
6576 1531
6585 9397
3141 6853
713 6027
9428 6686
4100 1985
598 8223
9328 1122
6356 964
9912 1474
6986 9531
7795 1815
5124 3049
4063 155
5534 4559
6090 9806
5555 2109
5314 2674
8701 5047
8084 2378
4363 8128
2702 2183
9657 4960
5923 2030
9855 6012
5543 2186
4000 3192
2593 3337
9843 5476
34 6655
6460 5376
3837 6123
5149 8366
9764 9150
1527 201
8328 7847
30 5889
7200 1030
9411 6038
2049 3122
1659 5617
8809 3943
3631 5659
7486 1401
8055 9826
1553 7519
9994 866
5584 5389
890 5142
5342 5347
3194 8769
1009 21
7402 9575
5612 8209
7682 3164
5133 4012
4307 9341
1351 3941
1693 7937
7762 8836
6354 6099
3316 5667
1055 2699
4192 8899
598 8297
7065 5885
2258 3791
9717 4425
2633 9659
9175 5328
5691 315
6007 4307
4599 9997
7934 7357
2544 6291
2389 2047
7713 5249
7948 2056
955 5120
9768 2139
4376 7904
1694 3184
7608 6633
2643 7762
3089 6593
3259 1817
6123 8779
8776 9265
2973 7073
3363 3061
1459 5516
764 2103
4159 9172
643 8711
7202 1465
9368 410
9945 7929
4561 7413
5174 7552
4144 7203
5372 4614
9744 7402
3018 7846
4919 4871
7931 5990
1505 8281
6736 5742
1265 2269
7331 894
2358 1907
8668 884
8812 8077
5489 8612
2515 9724
6927 662
5275 3011
6764 8650
6495 1370
6241 9782
2123 7765
2398 523
6264 3628
2248 9133
26 7528
9434 5930
6814 8735
6811 4453
9416 5625
5349 2299
9312 1931
1293 8627
3628 938
2307 8056
4189 122
4239 8547
9070 6312
6291 6636
5768 5333
9213 8538
4467 2145
7231 4998
9451 7632
3257 393
9043 8866
7148 4957
9935 8354
5643 8440
2848 3562
35 7949
2848 7036
3347 4273
908 8269
9953 5989
4526 3027
5171 9165
4163 5345
2976 2401
9145 3613
8830 2584
7540 8187
6540 5978
769 3826
7387 2182
6483 3616
7004 3774
8046 9330
7598 6702
2691 5306
8332 7550
6715 3568
8912 9855
2255 877
841 8240
823 7752
5938 9670
1999 4715
8540 2478
1011 9120
2735 2279
6052 7493
3174 6090
2792 449
5754 771
4673 5482
9049 4086
3940 7739
4967 4313
2552 2546
297 5807
1828 9726
792 6235
5064 179
9298 9332
7962 2426
6271 8384
4474 365
813 9444
6567 7265
9098 6567
7004 1239
8977 4498
8810 943
9840 3943
6101 7713
7439 6489
9075 4280
4458 4582
265 4138
2915 107
8491 8226
8590 9185
8629 9316
6580 9403
2321 1547
2785 2029
6526 9324
6618 8113
8407 1688
9400 6457
2945 4507
5138 3190
7772 8371
2508 9596
9702 8036
2614 5423
959 8192
7507 7555
6957 9587
1133 438
8818 9277
4952 269
4733 5344
3383 1569
4378 3139
3997 9134
2324 3674
2045 9135
5082 6447
834 904
2678 4783
9327 9799
7354 3637
9575 3185
9975 662
6291 7060
7328 8792
487 1242
2811 8413
1551 3869
9355 3540
7213 1900
1034 8030
4476 9257
161 6115
7249 1661
1460 2838
6474 6575
6112 5165
5826 2401
9460 6086
1229 2116
3358 3139
1551 8068
1936 2520
6059 9454
1353 1290
9319 3271
8880 8738
1204 146
8159 5392
8229 8452
1379 5970
1134 1055
3455 7490
9927 6959
5427 2914
6052 1155
9222 8784
7655 3955
3408 7510
5151 3713
3335 4760
3497 822
7319 2214
7605 4700
9503 1829
7798 2186
9592 7233
4722 5283
8594 9398
2311 1000
8507 4020
9155 4714
5020 4080
7941 6809
6873 8427
9538 9444
6617 207
8773 3034
4085 3935
2116 2729
1266 9940
7172 6265
1548 857
254 8246
9245 6493
6864 8916
9982 4103
8183 6018
2826 5001
9780 6123
5566 9698
6256 9317
8703 2182
2469 1380
4109 2787
9078 936
7200 5374
2583 6250
847 5099
1591 2836
8104 91
4194 8454
4471 4437
9437 8728
4850 3648
9697 5568
4885 6768
5301 2305
3684 3587
2725 4121
5056 7792
9518 1803
4404 2256
7354 8452
7639 5250
1692 5297
3750 5742
178 5885
4612 4573
4572 5967
1534 5814
8933 4269
2925 6418
6356 4233
8354 6608
752 9081
883 9761
2016 6621
5072 1638
6887 5722
1018 2710
8452 8578
815 1119
5691 4981
7299 1778
7591 263
883 8833
1602 6523
7108 3807
6766 7958
3390 1813
1573 7517
489 4272
2261 9941
2014 5560
8270 9147
4076 3031
501 3073
4405 4890
6668 6192
2806 1704
6888 610
3485 40
3846 8489
2798 592
2404 6963
832 6187
6810 328
268 1320
6880 9070
4568 8633
1663 1501
4573 8644
9885 2164
4707 5329
7032 2904
9866 7512
3903 3919
8760 3350
3941 4100
1062 1557
4096 2696
3023 1893
9565 905
6327 9643
8275 6444
4296 894
5889 6290
4805 5220
548 2126
1381 9511
3374 7580
7850 1246
4595 3628
7727 6609
4518 4887
7582 8788
7033 8613
5869 6957
6599 6597
9392 2195
9441 1225
3866 3687
8906 5329
3806 8670
4532 9453
7032 5187
2784 4257
7884 1234
7842 7379
8617 5610
750 2359
971 6199
3155 7782
4378 6840
5386 6105
3681 3769
3807 4826
6507 7547
6216 2712
2164 312
1850 7100
1356 5548
6781 4634
8364 5592
1201 974
3333 6980
9530 1950
6083 655
3846 9036
1492 460
580 5584
409 5173
9071 4386
3449 6915
3579 1638
8737 1965
7512 1780
2765 6445
2036 644
1617 7480
812 3236
1538 1301
8308 341
5729 7620
4432 2153
7736 7220
8744 1363
2101 4497
7763 7814
9452 5549
7513 1341
9473 4540
984 1376
2019 2237
9717 3019
2607 9988
1288 6880
7220 496
4467 9595
8100 9300
6520 8898
6613 2187
6683 1615
9429 8713
613 4446
2138 5232
9771 8126
5853 1610
199 7107
6477 4224
4211 6267
3146 5435
5930 5498
1445 6717
6017 6749
1998 5896
8082 8888
502 8610
3674 1117
1914 6282
1513 4287
8764 4051
2013 7636
4742 4616
8839 8563
1181 7570
3005 9401
4899 4326
1042 5286
2034 2695
8590 3410
2297 4032
8993 3023
4139 9151
5432 2667
3305 6052
6455 3297
932 2068
3035 4819
3381 2025
9594 8226
7626 913
5238 2598
4236 8876
1570 2631
2393 6269
6652 6511
9534 4689
3839 5645
4663 24
6076 5623
8919 7967
6386 8882
3700 9850
8226 9420
3997 3432
4344 7819
6769 1623
498 5933
4915 1004
3624 8420
1282 7307
1996 276
2272 7167
7191 2186
4160 6934
1252 9618
8499 3078
9279 7637
3408 8550
8333 7504
1675 7405
9027 9028
1312 8443
5798 5876
647 6226
3533 9421
6048 1929
9095 1880
417 4671
1604 2637
2254 4577
7654 9207
6843 7104
2005 3285
788 251
4007 6689
2068 2462
7256 3033
5260 9731
5957 3053
8826 5907
4187 5841
4072 1225
5896 9633
2270 4488
5416 3851
3058 875
7979 9422
2706 9900
6502 6335
9376 3493
2307 508
9892 7795
7526 9562
8967 5152
7410 9834
5674 4144
5368 1596
1228 6097
6936 1263
5114 9849
724 2352
1773 4523
774 5054
7740 830
674 7276
4135 7115
4910 2980
8894 379
5530 2435
8620 7860
2003 9291
7238 645
6741 3722
4985 8465
8314 3676
2379 6450
972 5389
442 503
1332 1745
5372 8181
5296 2006
1337 9507
6237 6557
5343 230
4441 8118
7408 3962
4606 6443
165 4645
9461 7698
7725 1501
7950 4126
9514 6456
3310 5273
3369 6307
4488 994
9351 8741
4599 6135
9043 687
917 835
8952 4385
4698 5357
8152 2711
7355 5655
9704 4668
6168 3167
7293 7428
235 469
2093 3158
9465 3545
4538 5461
4201 304
6438 3888
4574 5151
2337 1832
2568 1842
3551 1288
350 7265
9271 8054
2721 7704
7223 8974
2753 5240
2060 4515
4024 2988
2884 4152
5964 3488
3791 7421
1308 6517
1667 6580
8411 2233
427 4004
1643 978
4594 3977
8382 1993
6048 216
9189 7454
2693 3270
4136 8294
7633 1104
1607 8160
7999 516
7936 7570
4086 8142
4721 5595
4179 2105
2460 9484
6813 4605
4933 4102
2446 1407
1622 3314
767 4846
8115 7163
5456 9811
7266 8603
3114 9440
9955 8872
2794 1112
9253 7890
9836 6879
5335 326
9809 4014
8619 7794
8248 6621
4379 3551
3217 693
5538 2353
5867 335
146 5
8607 7674
7113 3763
2635 8072
9183 7067
1308 5428
8658 4788
5113 7495
1508 3993
8138 4921
7893 6478
6381 6385
3430 8624
7328 5949
6283 8967
5323 9546
7219 2780
6543 281
8352 683
4101 5529
956 7535
2322 1760
9254 5965
6309 3786
5058 7113
9943 4447
831 9302
7925 6323
8623 4260
9579 1604
7501 4905
7685 4901
5182 1071
1753 579
6107 9885
3771 2205
3964 7062
9378 6092
6229 9569
3034 5687
6485 1286
588 2976
5650 3667
7927 4864
2820 4272
9176 3857
5109 320
1391 3212
3790 6642
6527 9495
1700 9896
3309 297
2741 5663
1584 2687
4725 8969
6607 4617
7592 1209
4875 7194
8409 3241
7512 9153
9361 1228
1548 3039
6251 4470
1111 9290
8784 6392
6288 3989
4286 483
6146 5948
4986 7026
2346 4081
8697 9710
7270 8952
2497 6288
5880 8497
4001 906
2133 9743
2781 3362
7831 3680
2969 5383
8127 5293
9282 8105
8587 766
6713 9919
3296 1084
5164 1699
7760 5641
945 3860
6499 1382
9878 3441
4346 2378
2120 3878
7239 6479
6510 1253
2987 1421
3066 5831
3935 1113
1878 8699
8617 8873
9957 8591
6641 8264
256 5120
5332 752
2133 1200
993 1830
4208 2010
5888 5338
8168 6327
3931 9478
7251 1030
6860 6918
8030 316
5366 7146
6018 9908
4850 3982
8597 2326
7446 7842
8593 8852
52 2777
4606 726
2735 1044
2733 5165
1492 4974
804 901
1930 1774
8691 8054
4721 5141
8638 6721
2980 86
419 4655
6981 7829
2022 9015
7866 778
9906 614
1339 4269
1664 863
6028 426
5399 4397
1649 3871
5644 6202
607 9930
1422 4335
7407 5327
1764 59
1065 386
4566 2182
7548 4397
1526 6587
7200 5414
6034 1431
2294 8539
5316 7698
8446 4673
8543 714
3268 94
6375 4186
4872 226
1905 7796
7854 2278
2663 3668
2202 5270
9667 7228
166 9749
5162 1192
8975 7366
2256 7548
5245 1268
2292 7571
4636 42
6487 834
1371 4255
833 2861
656 2595
4872 2737
6404 4861
130 3887
7466 4957
4706 6148
3692 7632
1349 6219
3766 2666
285 3604
7526 5362
5403 2576
9761 8513
2768 1889
1101 7483
77 3600
2688 8108
2968 1301
5187 5443
400 9450
1949 9004
6635 5105
1323 5640
4657 4335
4290 5089
6802 1293
3868 1815
328 2205
445 9980
7463 9447
3046 7898
6005 7539
5191 2085
7527 5325
4774 377
9381 7926
3030 3074
8714 2367
3054 705
5793 9722
1015 7343
9158 8946
7502 1234
1214 5837
5283 7947
2196 8676
2566 4680
6764 8200
3524 7757
4485 4290
8568 4649
7723 217
8936 1597
2301 2788
2509 1989
9331 4445
9743 3523
4757 4840
676 7244
1542 2322
7349 5958
637 3737
1937 6266
374 3752
8042 5460
109 4859
1427 6609
4557 4183
6970 362
8702 3210
4006 9478
9353 4385
9224 3748
992 4109
2782 6252
2209 2533
6270 130
6395 9198
2949 4558
6369 6769
1627 7342
302 2829
7011 9405
9767 1211
4420 3980
9810 4820
9204 8425
2173 9162
3270 4780
1031 9516
2048 2403
2532 9591
8788 4669
5578 8926
5694 8089
1782 1947
4775 3672
9429 8436
9646 1786
2117 5547
366 4065
8841 1926
1087 5922
701 7365
6880 708
3110 1731
7673 5280
6300 1993
919 2813
7253 1878
3824 2964
2988 9034
7469 4950
3087 2416
7962 3466
7530 5204
3481 4679
600 2723
87 4568
1627 7652
5734 3319
8598 1089
3081 3407
6219 1249
3126 351
3315 3471
8856 6949
8251 2654
5069 2677
6142 1337
2892 9382
4060 24
2746 6373
7292 1012
8663 9184
2502 8918
6358 4397
7803 7451
8700 9439
9789 373
3843 1825
5126 9455
2108 9050
1726 3376
1064 3528
2909 7868
7891 3956
328 3321
684 6988
6171 7619
2888 9346
94 8673
2475 9246
5036 4248
4620 1174
9351 1176
631 4814
3864 828
555 9090
2618 1941
9808 1618
5573 1878
1550 4050
1037 2252
9870 8585
4283 7208
2232 9110
4707 4376
4976 4706
2232 6094
7269 9595
761 7934
5113 4251
3341 976
2916 5667
3636 2310
539 9076
3125 9209
1460 8441
7025 4162
1369 7682
3143 1307
5683 9952
1009 7849
3942 7010
2956 9592
7525 7562
1813 3716
1043 8989
4655 1505
166 311
9386 8291
3851 704
9144 2510
6671 1662
5695 6169
7475 4391
4342 8837
3037 9509
6518 1703
1294 3330
892 5826
9541 5171
4159 9056
6912 6936
7246 8814
3456 7077
7780 6631
9140 7306
8967 3276
9444 2163
2905 1014
9850 3270
9131 3599
5301 2887
2568 2000
7825 6594
1764 3459
8866 3718
653 5923
1088 5777
2853 7898
880 4543
8200 6985
260 6371
8533 3518
4531 9703
9324 7790
1388 4381
3619 4806
6806 6688
3281 6186
5997 982
4699 1397
7319 1214
6991 1703
9600 8406
9300 6195
3179 6831
3202 7499
1016 3438
9492 8086
5875 5547
6279 8816
3621 7262
3949 6249
8786 6778
7760 3582
4978 1134
2348 8810
513 8648
3405 9338
5532 6464
3295 2704
6554 5063
8500 2848
933 7569
9467 7992
6807 3160
421 2097
8345 6779
3557 722
655 3483
4616 7668
6477 1984
631 6963
2652 6989
9805 4035
3090 4536
9598 3099
5946 9643
3563 4449
2440 3230
6389 3030
1478 5598
2377 3162
235 9823
9657 2285
6304 889
2872 4272
7587 2780
6121 9854
240 6590
7477 2277
5375 3329
2971 7074
7875 7672
7253 6533
5914 314
5912 9994
3155 7392
3566 4640
3276 3389
629 3222
3845 9579
8710 9852
9705 1431
8021 4830
3458 9944
3272 5497
8923 8832
2855 2594
5478 6797
3462 6460
6453 7744
1487 5725
364 9607
9347 5052
4625 3639
9569 9975
6178 8469
6252 8279
9460 5882
2177 4272
6120 2918
8101 1800
745 1394
4542 7308
3767 6222
317 4356
80 219
6177 1803
3206 6796
434 5523
1849 7830
2651 3
4633 8026
259 8902
9525 4092
7009 8787
586 1996
9742 5110
2417 1330
3903 4283
8638 2535
2753 4220
6022 5070
1865 5281
803 9228
7057 8650
5004 9003
3380 6059
4960 9636
3728 3638
8776 4484
6480 7088
2197 9361
690 6221
6855 965
3499 4592
5163 1845
3266 2603
7883 1185
412 5130
3779 5037
4039 3820
9879 8783
8418 3770
3759 4838
5674 8497
5585 2534
1894 8505
1077 4133
5098 8935
9879 4283
6127 4948
3903 5041
6225 5744
873 1785
3174 2988
6808 1004
9786 7212
7334 3038
4227 4555
3052 1092
3626 9900
4756 4988
9120 1871
806 5832
6467 4217
5517 7036
2076 8945
4689 9419
7555 4653
7640 5561
6564 728
4292 799
3836 2701
3608 1625
2716 8063
4314 6659
1646 2693
4564 9070
1253 7117
7686 1721
8756 7719
6664 3202
2620 831
1835 1352
3264 6526
7254 9475
273 6180
8880 1545
3169 461
4875 2487
5497 2236
4929 9188
4609 3494
611 5844
7564 2214
9932 8296
7849 2671
9853 2947
650 6820
3345 1688
7514 3914
6445 598
2142 7786
4598 5324
4163 1662
3898 9472
5012 6011
9505 5178
7373 9620
1833 6467
1114 1288
3958 8117
1063 8962
5781 162
1849 8065
8330 9125
9723 9362
3500 4774
97 8216
9878 8097
3921 611
6622 127
5304 8932
4903 2478
8944 2676
315 3088
1204 57
9018 4272
4433 8618
6682 1150
274 2634
8347 5011
6136 9996
4564 1846
6295 6233
3195 4441
4567 6567
1850 9816
8645 6222
5249 6752
6191 7588
3996 5563
6186 3746
2364 9365
514 618
9603 5397
6760 788
7135 7950
6147 2895
5479 1698
2490 2441
9007 5026
4841 7056
9629 7208
3960 9838
7425 4877
439 6502
248 7773
7137 6624
3594 8963
4359 7651
4790 9548
7497 7470
6717 8276
6326 3644
2436 2195
7220 8815
2223 7795
5002 8413
8250 1851
6728 5313
1815 2026
6150 3518
6494 2062
1024 3287
7289 6439
5986 1734
9204 2078
6705 9835
9830 2272
4466 3030
1845 2265
6411 8038
2802 4067
2269 1413
6725 7403
5780 5348
8866 4891
6952 1930
1568 1711
8149 4327
2413 8856
7285 486
320 7968
239 3989
7019 6501
8766 1056
5445 5215
9281 5176
2940 8246
2000 7901
3249 6017
907 7780
6061 8466
176 4211
4889 7628
2835 4676
1513 7301
5268 119
4107 8185
4685 1858
2914 7477
2691 9802
1330 8358
2956 8323
6224 4269
6637 4955
9086 5824
4289 7544
8106 5146
9125 816
1843 2994
295 1959
2077 3355
7891 1914
124 2536
6364 2576
8729 3037
7746 9055
3729 58
679 701
2008 6304
2127 7315
1210 1093
2591 2767
3582 9315
8661 1715
3674 1776
1483 8955
7220 2102
4637 9373
8300 7343
6731 7353
6407 7029
3438 4477
1529 6487
2791 468
7783 3536
981 4917
7684 5344
1011 3571
1637 7617
9393 9671
4977 5310
3764 875
247 2196
5891 4752
2104 8547
1927 2621
3449 4862
1349 5364
5832 1330
1217 4139
5407 9966
1661 2197
2119 3090
707 2671
2341 3756
5417 6451
7325 7317
5865 5532
284 3923
8821 1755
727 2387
7249 747
2463 528
1857 4949
5439 4646
4611 3073
1622 845
287 6271
5294 3740
3847 7345
3795 7634
4951 5616
1147 7471
1393 815
8921 7782
169 214
7312 9647
174 3769
5069 9774
4419 8382
1455 507
1351 5381
8004 3076
3167 1637
8981 3297
930 3366
5333 9127
6597 2232
9398 2831
613 7990
4555 4670
669 7133
7253 1866
7992 7194
5576 2321
2827 8762
4143 3382
2809 529
2166 8498
1794 5975
5692 7498
6625 9075
7659 7376
207 9573
7562 7056
8078 7171
4303 8468
334 8746
5939 1555
3875 4677
3438 7866
1247 3053
3581 3932
2429 4055
6382 2098
9596 574
9649 2073
5801 2572
2144 7307
714 6007
9529 6058
4525 8791
3888 3831
1737 1210
5886 6179
4044 1963
5015 5676
9607 5291
5697 8595
693 8388
8961 2078
503 6640
9211 4961
2267 6303
8661 7706
3763 9333
4475 8189
8371 4640
5849 4715
893 107
2069 8087
3762 4936
6578 7083
5677 9720
4459 2275
704 2721
9360 3420
4732 1206
3860 4922
2628 3351
2683 2520
708 2742
7381 3509
8223 5430
5536 9582
7668 9115
403 7604
1038 7781
3852 3332
1958 3067
5787 4663
8082 2662
219 1499
6420 9165
2515 4079
2950 5399
8141 5197
5058 3658
5439 1873
1454 3280
8747 975
4930 5473
9605 9149
8832 5968
5386 9809
4471 790
3451 7524
9022 8904
8068 3669
4099 5442
840 583
2131 7049
7058 5332
7205 7188
468 2496
9822 8658
483 5566
1066 4752
7071 87
9895 9897
686 2456
9979 717
9620 4136
4157 9001
794 7688
4622 4607
1655 7985
3317 6752
3940 8712
7560 521
5530 759
6324 7381
2132 6012
2451 7389
7285 5554
8009 8697
9414 7971
8458 4340
9692 9033
3072 8966
3573 6837
4821 7693
4445 1579
6643 8137
5009 4736
5494 4202
7934 539
2902 8169
1909 6418
1971 5352
401 9193
3515 6332
7023 6166
1550 8325
3642 6714
9902 4622
8666 3566
5145 4722
9211 9462
4197 8139
2340 4219
1109 6042
4210 6625
3042 4011
5714 2470
1663 5013
1344 2466
8631 1529
6205 4718
1431 181
1154 9847
3412 7684
2405 9819
9281 4908
3046 7967
8538 9829
2223 1737
8362 9646
8 2784
5254 1403
2767 2074
891 6916
4796 462
5179 9522
6054 1001
7199 2961
644 7207
3377 610
1870 9401
7367 9009
5190 4915
6652 5904
1902 7412
195 1365
9119 8261
6686 5448
8715 1886
2347 7577
3450 3511
863 3878
6838 9503
3061 8061
5022 7482
6882 2789
8150 6891
8158 600
2856 3339
750 1161
8877 1109
9369 7296
2744 7995
9880 2407
9983 7810
7672 8579
2456 9784
5638 8534
2946 9293
3126 8698
7838 4320
7562 7
6959 5987
9325 5719
3231 9814
922 6426
3722 2107
102 6642
9048 2817
626 6333
4911 5382
5165 8298
3183 7366
6659 802
5851 2481
6800 9784
6143 3689
6027 713
6432 9453
5618 5352
1777 6014
8121 6539
9532 1850
4666 4574
906 8580
313 5292
9941 5817
9534 5478
2631 9475
1955 2544
8680 4834
8522 5106
5819 1174
626 4548
6251 8602
4615 6243
9133 4380
6229 9087
12 8664
3595 895
2538 918
3086 260
2089 2478
1952 8971
1515 4719
9552 259
5364 194
7719 4425
5325 1182
9783 8344
938 7927
2306 750
6188 70
5085 8535
5781 6200
3469 5032
5291 4670
3499 2906
1876 7379
8449 1802
2060 9742
6287 8001
8777 3776
4957 4005
2348 453
8380 1092
8193 9637
6058 685
5571 4380
6931 1143
2526 7703
2372 399
3304 7816
1546 5870
4024 1532
1273 9994
4346 6083
9858 7560
1564 9475
9927 1167
8610 264
9900 8306
8991 6802
7533 5958
3452 913
8616 4464
1214 5977
144 7339
3209 4518
6049 1689
8034 3584
9666 3673
1232 8732
8206 5876
3394 2796
9411 8132
2790 2003
5156 5662
1619 8132
9044 9040
3503 1422
3750 4011
1350 4717
5586 3893
1933 910
4493 7986
1658 6319
5050 510
6385 2890
2037 9607
4090 9778
8132 7799
3460 6879
5010 9639
8679 5079
2852 406
4416 8533
9601 6602
494 5765
6674 5186
9523 8779
5097 7518
8028 1181
422 6498
6104 4412
542 8810
6608 193
3424 5025
4664 67
1497 8433
5190 3342
8226 4349
950 9606
5370 7827
3012 7795
2925 8396
5913 2535
67 4373
870 3940
4704 6840
5649 3325
9870 5245
269 2256
8674 3293
8077 1284
977 171
871 3267
2872 9203
7029 8172
2318 4593
9340 6392
5278 5243
9615 5253
5544 5344
8535 6837
161 247
1843 4183
2790 30
9674 8464
6099 1464
1634 4103
7369 7076
6278 2504
7027 6592
1184 9658
6049 9344
4586 6876
8480 7679
9374 553
7389 4023
622 7909
2091 3901
283 8816
7279 4881
6344 9956
4058 3378
6805 4329
3184 7778
4369 3082
9091 210
5905 1905
5132 5139
9169 491
7395 3611
7633 8543
6451 1135
5035 4606
3422 4893
6125 5317
1625 700
429 8820
3148 2034
6164 7233
6666 2683
9244 6884
5140 5756
7247 5149
1991 271
3881 6415
1309 9385
519 7866
2471 4111
9004 1905
3574 5892
2944 1480
300 1550
9935 3372
6957 9799
2482 6098
2982 9974
5730 8077
3225 4473
4744 2976
5742 1567
951 8624
6489 7051
1161 7821
6078 5312
1203 6516
7996 9651
7552 4146
3870 4647
4445 7486
3584 7178
7151 3278
1355 2917
7389 2880
2207 931
2498 8484
7108 7949
1351 9800
3973 9948
1611 8863
1731 50
6052 2814
3311 9726
724 3603
1088 7180
709 1520
4798 1023
291 7860
7091 2504
9786 4032
2515 9298
3598 2283
8435 5974
2274 1300
162 2407
8808 3884
6697 8244
7969 1211
4813 8
3539 5044
6564 2252
9627 600
8459 1361
216 6269
300 1901
7550 1
8636 2815
8788 7499
8798 3422
2180 7413
1297 5312
3555 987
2197 7993
4352 7876
2919 3361
1964 4243
1194 5834
7194 1590
7859 9652
7904 3761
3762 4510
7324 5454
2952 8749
2170 2464
9876 8102
3413 4349
1687 1172
5517 3319
1194 235
3595 6220
6814 465
6298 5558
3500 8007
